[carousel_plane.jpg]
filters=finetune2=1,0.000000,0.003922,0.120702,00000000,0.000000;dir_tint=1,0.472594,0.593320,0.134503,0.368421,ffffffff,0;
moddate=5eaf64c602ead701
width=4200
height=2608
textactive=0
